906792980000000
6390900000000
28897000
700000
439620.1
9559.407
8022.2
6738.111
6208.24123131241232132142
5400
4741.878
3620.1461
3000.23451
2175.65
969.49
840.2056
620
407
401.249
233.021
96.503326
99.8629534755
58.4
39.137
38.74
30
24.48179
21.123
9.95016e+246
9.8388
9.8059e+35
9.530609e+22
9.46e+35
9.452105e-31
9e+115
8.785953e+42
8.5e+20
8.3536e+30
8.3439e+25
8.27203e-18
8.271221e-219
8.0927985e-112
8.07e-53
8.062352e+38
8.0159e+36
8e+29
8e-24
7.9954287e-194
7.83472e-22
7.814
7.7715e+27
7.509e+38
7.331e-31
7.2401e+226
7.2193e-18
7.2e+19
7.142849e-170
7.0676e-17
7e+39
7e+28
7
6.844e+113
6.7853e-21
6.75e-27
6.56e+39
6.540688e-10
6.4e-08
6.389785e-262
6.3508e+42
6.3383e+47
6.295e+53
6.049
6.04
6.01341e-20
5.98e+28
5.9e+43
5.865
5.7e-26
5.695e-09
5.61e-07
5.55971e-235
5.4541311e-10
5.1415063e-11
5.13e+282
5.0369e+172
5.003824e+151
5.0e-50
5e+263
5e+24
5e+19
5e+133
4.937e+40
4.9361647e-133
4.585e+48
4.49e+26
4.4177e-134
4.3e-245
4.3e-16
3.452077e-191
3.2
3e+25
3e+149
2.93e+32
2.916861e+44
2.9
2.764e-83
2.49279e+34
2.413e-15
2.2353e-129
2.166819e-23
2e+31
2e+116
1.8e+33
1.7e-13
1.4580931e+62
1.44471e-07
1.393237e+46
1.39e+295
1.375e+17
1.293e+27
1.2041e-21
1e+48
1
0.98
0.973
0.945138
0.84
0.67
0.335
0.113
0.0983688
0.0906203
0.0869
0.05
0.047255829
0.028
0.009146
0.008581
0.008166
0.0081
0.008001
0.007889
0.006703542
0.0039
0.0030426
0.003
0.0029071
0.002191249
0.001910066
0.00092769
0.0004
0.000383036
0.0003
0.000188222
0.00016
0.00014834
NaN
-inf
inf
0
-0.00023816
-0.000274
-0.00031
-0.00038509
-0.000552594
-0.0006028
-0.000719834
-0.0007820539
-0.000869
-0.00089806422
-0.0009172
-0.00095719
-0.0060372
-0.0064726046
-0.0092191939
-0.019099
-0.022925
-0.02826
-0.0546163
-0.062
-0.0764018
-0.0929804
-0.1689
-0.2
-0.4946795
-0.67014714
-0.68
-0.68815
-0.7562
-1e+29
-1.064846e-26
-1.51624e-234
-1.6965898e-119
-1.7695e-236
-1.93885e+19
-2.31373e+31
-2.4527809e-306
-2.6136e-09
-2.691e-11
-2.819
-2.8322
-3e+45
-3e-05
-3.05e+25
-3.108287e+278
-3.16584e+41
-3.17e-222
-3.2348135
-3.465e+22
-3.63e-135
-3.72e+45
-3.9e+30
-4.2
-4.208329e-20
-4.2888733
-4.297e-08
-4.60469181924042e-321
-4.7142e+36
-4.767
-4.863526e-20
-4.868e+33
-4.96e+247
-5e-29
-5.05e-218
-5.169414e+37
-5.20816e-06
-5.263e+21
-5.4239467e-31
-5.44067e-263
-5.543976e+32
-5.56122e-29
-5.6e+35
-5.65896e-290
-5.71654
-5.730186e+123
-5.798598e-21
-5.81165e-212
-6e-25
-6e-06
-6.07e-268
-6.074991
-6.1e+290
-6.1206e-06
-6.5986e+45
-6.785938e+26
-6.8e-30
-6.921e-22
-7e-57
-7.0915e+22
-7.15407055178125e-321
-7.60733e+45
-7.79173e-05
-8e-26
-8e+20
-8.245e-145
-8.28043e+21
-8.2888989e-25
-8.37662e-158
-8.38e-30
-8.4e-23
-8.5e+25
-8.8165e-23
-8.821e-20
-8.8805774e+129
-8.91e+18
-9e-19
-9.03e-286
-9.13
-9.185594e-120
-9.3e-70
-9.451309e-30
-9.494134e+65
-9.54e-24
-9.57259e+240
-27.1783
-32.234
-46.430046
-48.1
-48.307
-50
-57.28
-60.094
-62.01612
-64.92
-80.2234
-90
-94.9
-98.6783
-100
-164.3687
-430.50597
-466.5085
-595.05
-764.3112
-807.142
-5469.471
-5651.6809
-9706.81
-93500
-577000
-835534
-6000000
-900000000
-279358770000
-50000000000000
